257.38613718380265,0.36935136422215215,185.24587284861255,0.26582945220665954
366.5903103929561,0.16293416483471823,311.28802247980326,0.13835459511035755
333.5084579702521,0.4168384457066296,331.7808570425009,0.41467918866736925
323.40205314092253,0.1837432824996042,303.0679311556024,0.17219029981429637
467.34910458536217,0.30998699069403574,461.23094485423246,0.30592888957641196
385.2875545925078,0.5750978086234791,328.4857744994731,0.49031287625792114
362.0781056314164,0.15015586303620226,306.35855286266246,0.12704864554954098
259.329948117434,0.25201599600299107,247.52746750965932,0.24054638392283362
366.0324974414216,0.10251976230712863,339.7979978925184,0.09517190473491825
628.386229750981,0.2472086115869732,586.473726729891,0.23072013493132718
53.989308263000034,0.0770740203155809,90.26413155190133,0.128859208106715
53.989308263000034,0.0770740203155809,90.26413155190133,0.128859208106715
109.58252028922341,0.048473975257152364,134.7820829051045,0.05962103567800498
63.56139737345168,0.07965135262446067,105.00047961630696,0.13158033921937023
53.989308263000034,0.0770740203155809,90.26413155190133,0.128859208106715
109.58252028922341,0.048473975257152364,134.7820829051045,0.05962103567800498
63.56139737345168,0.07965135262446067,105.00047961630696,0.13158033921937023
71.77981344564765,0.04056417387092424,128.53843782117164,0.07263958055314705
97.37962981044694,0.06552886409060894,125.75906132237068,0.08462599882128635
63.89646685752366,0.09309288698489655,63.957656731757446,0.09318203654709953
88.62257982354002,0.036882711837508984,124.39777321000342,0.05177153758859148
84.17052087525708,0.08234660976378502,91.68276807125729,0.08969607228184298
129.69231262154756,0.03634735683345929,156.47643028434393,0.04385383013538786
182.78524793276605,0.07258995444210785,263.5999657416923,0.10468410181093477
47.38603833032904,0.0676473286739557,90.26413155190133,0.128859208106715
97.94311667583135,0.04332526941178168,134.7820829051045,0.05962103567800498
53.815848405085916,0.06743881184538597,105.00047961630696,0.13158033921937023
72.66435967393426,0.04106404821273006,128.53843782117164,0.07263958055314705
98.92405108974256,0.06656813865251275,125.75906132237068,0.08462599882128635
66.44554427207926,0.09680672262150711,63.957656731757446,0.09318203654709953
98.29161711480772,0.04090674630897253,124.39777321000342,0.05177153758859148
73.86403166459577,0.07226345432837088,91.68276807125729,0.08969607228184298
119.41860459625987,0.03346806411325327,156.47643028434393,0.04385383013538786
173.2802083406517,0.06881519472399426,263.5999657416923,0.10468410181093477
51.73453451444832,0.07385515192674452,90.26413155190133,0.128859208106715
91.77166531207668,0.040595319599368185,134.7820829051045,0.05962103567800498
57.53373913088658,0.07209785078186552,105.00047961630696,0.13158033921937023
76.71996484843378,0.043355949870774756,128.53843782117164,0.07263958055314705
88.03365451986504,0.05923975469675675,125.75906132237068,0.08462599882128635
71.76110656790719,0.10455114206131876,63.957656731757446,0.09318203654709953
75.09102274106355,0.031251184053286016,124.39777321000342,0.05177153758859148
64.66033584657455,0.06325919559229402,91.68276807125729,0.08969607228184298
93.73756799260082,0.02627073851686136,156.47643028434393,0.04385383013538786
117.5270738176958,0.04667381547814432,263.5999657416923,0.10468410181093477
52.790047854787474,0.07536198095000911,90.26413155190133,0.128859208106715
92.26029431227747,0.0408114652948965,134.7820829051045,0.05962103567800498
55.75328386536443,0.06986669042280431,105.00047961630696,0.13158033921937023
69.28114257458346,0.03915212618238002,128.53843782117164,0.07263958055314705
96.06003544632244,0.06464088043417311,125.75906132237068,0.08462599882128635
70.29037757050956,0.10240838808643248,63.957656731757446,0.09318203654709953
70.94758775586254,0.029526780195026525,124.39777321000342,0.05177153758859148
65.4584927599738,0.06404005705298714,91.68276807125729,0.08969607228184298
93.26651806519348,0.02613872282948742,156.47643028434393,0.04385383013538786
110.68290965448466,0.04395577575436668,263.5999657416923,0.10468410181093477
51.73453451444832,0.07385515192674452,90.26413155190133,0.128859208106715
91.77166531207668,0.040595319599368185,134.7820829051045,0.05962103567800498
57.53373913088658,0.07209785078186552,105.00047961630696,0.13158033921937023
76.71996484843378,0.043355949870774756,128.53843782117164,0.07263958055314705
88.03365451986504,0.05923975469675675,125.75906132237068,0.08462599882128635
71.76110656790719,0.10455114206131876,63.957656731757446,0.09318203654709953
75.09102274106355,0.031251184053286016,124.39777321000342,0.05177153758859148
64.66033584657455,0.06325919559229402,91.68276807125729,0.08969607228184298
93.73756799260082,0.02627073851686136,156.47643028434393,0.04385383013538786
117.5270738176958,0.04667381547814432,263.5999657416923,0.10468410181093477
52.790047854787474,0.07536198095000911,90.26413155190133,0.128859208106715
92.26029431227747,0.0408114652948965,134.7820829051045,0.05962103567800498
55.75328386536443,0.06986669042280431,105.00047961630696,0.13158033921937023
69.28114257458346,0.03915212618238002,128.53843782117164,0.07263958055314705
96.06003544632244,0.06464088043417311,125.75906132237068,0.08462599882128635
70.29037757050956,0.10240838808643248,63.957656731757446,0.09318203654709953
70.94758775586254,0.029526780195026525,124.39777321000342,0.05177153758859148
65.4584927599738,0.06404005705298714,91.68276807125729,0.08969607228184298
93.26651806519348,0.02613872282948742,156.47643028434393,0.04385383013538786
110.68290965448466,0.04395577575436668,263.5999657416923,0.10468410181093477
51.73453451444832,0.07385515192674452,90.26413155190133,0.128859208106715
91.77166531207668,0.040595319599368185,134.7820829051045,0.05962103567800498
57.53373913088658,0.07209785078186552,105.00047961630696,0.13158033921937023
76.71996484843378,0.043355949870774756,128.53843782117164,0.07263958055314705
88.03365451986504,0.05923975469675675,125.75906132237068,0.08462599882128635
71.76110656790719,0.10455114206131876,63.957656731757446,0.09318203654709953
75.09102274106355,0.031251184053286016,124.39777321000342,0.05177153758859148
64.66033584657455,0.06325919559229402,91.68276807125729,0.08969607228184298
93.73756799260082,0.02627073851686136,156.47643028434393,0.04385383013538786
117.5270738176958,0.04667381547814432,263.5999657416923,0.10468410181093477
52.790047854787474,0.07536198095000911,90.26413155190133,0.128859208106715
92.26029431227747,0.0408114652948965,134.7820829051045,0.05962103567800498
55.75328386536443,0.06986669042280431,105.00047961630696,0.13158033921937023
69.28114257458346,0.03915212618238002,128.53843782117164,0.07263958055314705
96.06003544632244,0.06464088043417311,125.75906132237068,0.08462599882128635
70.29037757050956,0.10240838808643248,63.957656731757446,0.09318203654709953
70.94758775586254,0.029526780195026525,124.39777321000342,0.05177153758859148
65.4584927599738,0.06404005705298714,91.68276807125729,0.08969607228184298
93.26651806519348,0.02613872282948742,156.47643028434393,0.04385383013538786
110.68290965448466,0.04395577575436668,263.5999657416923,0.10468410181093477
132.2941235214274,0.2297920353033016,86.68220793140408,0.15056512303749545
51.73453451444832,0.07385515192674452,90.26413155190133,0.128859208106715
91.77166531207668,0.040595319599368185,134.7820829051045,0.05962103567800498
57.53373913088658,0.07209785078186552,105.00047961630696,0.13158033921937023
76.71996484843378,0.043355949870774756,128.53843782117164,0.07263958055314705
88.03365451986504,0.05923975469675675,125.75906132237068,0.08462599882128635
71.76110656790719,0.10455114206131876,63.957656731757446,0.09318203654709953
75.09102274106355,0.031251184053286016,124.39777321000342,0.05177153758859148
64.66033584657455,0.06325919559229402,91.68276807125729,0.08969607228184298
93.73756799260082,0.02627073851686136,156.47643028434393,0.04385383013538786
117.5270738176958,0.04667381547814432,263.5999657416923,0.10468410181093477
52.790047854787474,0.07536198095000911,90.26413155190133,0.128859208106715
92.26029431227747,0.0408114652948965,134.7820829051045,0.05962103567800498
55.75328386536443,0.06986669042280431,105.00047961630696,0.13158033921937023
69.28114257458346,0.03915212618238002,128.53843782117164,0.07263958055314705
96.06003544632244,0.06464088043417311,125.75906132237068,0.08462599882128635
70.29037757050956,0.10240838808643248,63.957656731757446,0.09318203654709953
70.94758775586254,0.029526780195026525,124.39777321000342,0.05177153758859148
65.4584927599738,0.06404005705298714,91.68276807125729,0.08969607228184298
93.26651806519348,0.02613872282948742,156.47643028434393,0.04385383013538786
110.68290965448466,0.04395577575436668,263.5999657416923,0.10468410181093477
132.2941235214274,0.2297920353033016,86.68220793140408,0.15056512303749545
92.95831460593435,0.041120235510752196,134.7820829051045,0.05962103567800498
98.23865812102038,0.14728241012931495,102.20543633762517,0.1532295257288613
88.91013701893351,0.050244854142100025,128.53843782117164,0.07263958055314705
173.67788178741066,0.11687161199262566,125.75906132237068,0.08462599882128635
142.26860593265346,0.2548322235787836,62.30552584670232,0.11160196298174548
125.8738652111085,0.05238585366955879,124.39777321000342,0.05177153758859148
129.55109272207318,0.14345839317797646,89.9505990133897,0.09960678932705538
151.11172217502295,0.04235032575632841,156.47643028434393,0.04385383013538786
258.37746872997695,0.10261007874593388,263.5999657416923,0.10468410181093477
775.0823695224487,1.4949445021997771,83.82639350313768,0.16168063038766006
2078.3722432954937,0.9193707575875648,134.7820829051045,0.05962103567800498
1073.982763265182,1.4047272038004464,104.20404463040448,0.13629479098280656
1973.728679782553,1.1153926082763288,128.53843782117164,0.07263958055314705
1614.3581747767462,1.0976869133408305,125.95362917096665,0.08564248788709727
857.9190030257798,1.5121647088890413,61.889960700250086,0.10908700480508605
2167.7644944163258,0.9021745173559423,124.39777321000342,0.05177153758859148
1348.4798002491161,1.4766773266565343,90.11678986272439,0.09868402946545639
3698.7668584753064,1.0366103906334287,156.47643028434393,0.04385383013538786
3280.738083872147,1.3028875729203575,263.5999657416923,0.10468410181093477
61.62394441227478,0.08797306904583727,90.26413155190133,0.128859208106715
84.00204102625653,0.03715841584506337,134.7820829051045,0.05962103567800498
84.7390560105872,0.1061899314721858,105.00047961630696,0.13158033921937023
86.50206141398783,0.048884003607049344,128.53843782117164,0.07263958055314705
110.76723620154827,0.07453767467459549,125.75906132237068,0.08462599882128635
81.02673418951125,0.1180505430054346,63.957656731757446,0.09318203654709953
85.82384533709448,0.0357179418908565,124.39777321000342,0.05177153758859148
76.64569365756527,0.07498483982352881,91.68276807125729,0.08969607228184298
133.22212465567517,0.03733661621950989,156.47643028434393,0.04385383013538786
148.42864588141674,0.05894583268776133,263.5999657416923,0.10468410181093477
51.73453451444832,0.07385515192674452,90.26413155190133,0.128859208106715
91.77166531207668,0.040595319599368185,134.7820829051045,0.05962103567800498
57.53373913088658,0.07209785078186552,105.00047961630696,0.13158033921937023
76.71996484843378,0.043355949870774756,128.53843782117164,0.07263958055314705
88.03365451986504,0.05923975469675675,125.75906132237068,0.08462599882128635
71.76110656790719,0.10455114206131876,63.957656731757446,0.09318203654709953
75.09102274106355,0.031251184053286016,124.39777321000342,0.05177153758859148
64.66033584657455,0.06325919559229402,91.68276807125729,0.08969607228184298
93.73756799260082,0.02627073851686136,156.47643028434393,0.04385383013538786
117.5270738176958,0.04667381547814432,263.5999657416923,0.10468410181093477
52.790047854787474,0.07536198095000911,90.26413155190133,0.128859208106715
92.26029431227747,0.0408114652948965,134.7820829051045,0.05962103567800498
55.75328386536443,0.06986669042280431,105.00047961630696,0.13158033921937023
69.28114257458346,0.03915212618238002,128.53843782117164,0.07263958055314705
96.06003544632244,0.06464088043417311,125.75906132237068,0.08462599882128635
70.29037757050956,0.10240838808643248,63.957656731757446,0.09318203654709953
70.94758775586254,0.029526780195026525,124.39777321000342,0.05177153758859148
65.4584927599738,0.06404005705298714,91.68276807125729,0.08969607228184298
93.26651806519348,0.02613872282948742,156.47643028434393,0.04385383013538786
110.68290965448466,0.04395577575436668,263.5999657416923,0.10468410181093477
132.2941235214274,0.2297920353033016,86.68220793140408,0.15056512303749545
92.95831460593435,0.041120235510752196,134.7820829051045,0.05962103567800498
98.23865812102038,0.14728241012931495,102.20543633762517,0.1532295257288613
88.91013701893351,0.050244854142100025,128.53843782117164,0.07263958055314705
173.67788178741066,0.11687161199262566,125.75906132237068,0.08462599882128635
142.26860593265346,0.2548322235787836,62.30552584670232,0.11160196298174548
125.8738652111085,0.05238585366955879,124.39777321000342,0.05177153758859148
129.55109272207318,0.14345839317797646,89.9505990133897,0.09960678932705538
151.11172217502295,0.04235032575632841,156.47643028434393,0.04385383013538786
258.37746872997695,0.10261007874593388,263.5999657416923,0.10468410181093477
775.0823695224487,1.4949445021997771,83.82639350313768,0.16168063038766006
2078.3722432954937,0.9193707575875648,134.7820829051045,0.05962103567800498
1073.982763265182,1.4047272038004464,104.20404463040448,0.13629479098280656
1973.728679782553,1.1153926082763288,128.53843782117164,0.07263958055314705
1614.3581747767462,1.0976869133408305,125.95362917096665,0.08564248788709727
857.9190030257798,1.5121647088890413,61.889960700250086,0.10908700480508605
2167.7644944163258,0.9021745173559423,124.39777321000342,0.05177153758859148
1348.4798002491161,1.4766773266565343,90.11678986272439,0.09868402946545639
3698.7668584753064,1.0366103906334287,156.47643028434393,0.04385383013538786
3280.738083872147,1.3028875729203575,263.5999657416923,0.10468410181093477
61.62394441227478,0.08797306904583727,90.26413155190133,0.128859208106715
84.00204102625653,0.03715841584506337,134.7820829051045,0.05962103567800498
84.7390560105872,0.1061899314721858,105.00047961630696,0.13158033921937023
86.50206141398783,0.048884003607049344,128.53843782117164,0.07263958055314705
110.76723620154827,0.07453767467459549,125.75906132237068,0.08462599882128635
81.02673418951125,0.1180505430054346,63.957656731757446,0.09318203654709953
85.82384533709448,0.0357179418908565,124.39777321000342,0.05177153758859148
76.64569365756527,0.07498483982352881,91.68276807125729,0.08969607228184298
133.22212465567517,0.03733661621950989,156.47643028434393,0.04385383013538786
148.42864588141674,0.05894583268776133,263.5999657416923,0.10468410181093477
51.73453451444832,0.07385515192674452,90.26413155190133,0.128859208106715
91.77166531207668,0.040595319599368185,134.7820829051045,0.05962103567800498
57.53373913088658,0.07209785078186552,105.00047961630696,0.13158033921937023
76.71996484843378,0.043355949870774756,128.53843782117164,0.07263958055314705
88.03365451986504,0.05923975469675675,125.75906132237068,0.08462599882128635
71.76110656790719,0.10455114206131876,63.957656731757446,0.09318203654709953
75.09102274106355,0.031251184053286016,124.39777321000342,0.05177153758859148
64.66033584657455,0.06325919559229402,91.68276807125729,0.08969607228184298
93.73756799260082,0.02627073851686136,156.47643028434393,0.04385383013538786
117.5270738176958,0.04667381547814432,263.5999657416923,0.10468410181093477
52.790047854787474,0.07536198095000911,90.26413155190133,0.128859208106715
92.26029431227747,0.0408114652948965,134.7820829051045,0.05962103567800498
55.75328386536443,0.06986669042280431,105.00047961630696,0.13158033921937023
69.28114257458346,0.03915212618238002,128.53843782117164,0.07263958055314705
96.06003544632244,0.06464088043417311,125.75906132237068,0.08462599882128635
70.29037757050956,0.10240838808643248,63.957656731757446,0.09318203654709953
70.94758775586254,0.029526780195026525,124.39777321000342,0.05177153758859148
65.4584927599738,0.06404005705298714,91.68276807125729,0.08969607228184298
93.26651806519348,0.02613872282948742,156.47643028434393,0.04385383013538786
110.68290965448466,0.04395577575436668,263.5999657416923,0.10468410181093477
132.2941235214274,0.2297920353033016,86.68220793140408,0.15056512303749545
92.95831460593435,0.041120235510752196,134.7820829051045,0.05962103567800498
98.23865812102038,0.14728241012931495,102.20543633762517,0.1532295257288613
88.91013701893351,0.050244854142100025,128.53843782117164,0.07263958055314705
173.67788178741066,0.11687161199262566,125.75906132237068,0.08462599882128635
142.26860593265346,0.2548322235787836,62.30552584670232,0.11160196298174548
125.8738652111085,0.05238585366955879,124.39777321000342,0.05177153758859148
129.55109272207318,0.14345839317797646,89.9505990133897,0.09960678932705538
151.11172217502295,0.04235032575632841,156.47643028434393,0.04385383013538786
258.37746872997695,0.10261007874593388,263.5999657416923,0.10468410181093477
775.0823695224487,1.4949445021997771,83.82639350313768,0.16168063038766006
2078.3722432954937,0.9193707575875648,134.7820829051045,0.05962103567800498
1073.982763265182,1.4047272038004464,104.20404463040448,0.13629479098280656
1973.728679782553,1.1153926082763288,128.53843782117164,0.07263958055314705
1614.3581747767462,1.0976869133408305,125.95362917096665,0.08564248788709727
857.9190030257798,1.5121647088890413,61.889960700250086,0.10908700480508605
2167.7644944163258,0.9021745173559423,124.39777321000342,0.05177153758859148
1348.4798002491161,1.4766773266565343,90.11678986272439,0.09868402946545639
3698.7668584753064,1.0366103906334287,156.47643028434393,0.04385383013538786
3280.738083872147,1.3028875729203575,263.5999657416923,0.10468410181093477
