68.45397063508075,0.0977234732793596,90.26413155190133,0.128859208106715
65.74354139294024,0.02908174397146403,134.7820829051045,0.05962103567800498
48.594637568967315,0.06089590179904326,105.00047961630696,0.13158033921937023
57.01497069185995,0.03222027299000302,128.53843782117164,0.07263958055314704
90.6351252053649,0.06099034072093504,125.75906132237068,0.08462599882128635
62.86120769317712,0.09158458348821827,63.95765673175745,0.09318203654709954
58.80392955794404,0.024472864512828537,124.39777321000342,0.05177153758859148
62.3303365416623,0.06097968559857719,91.68276807125729,0.08969607228184298
68.45397063508075,0.0977234732793596,90.26413155190133,0.128859208106715
65.74354139294024,0.02908174397146403,134.7820829051045,0.05962103567800498
48.594637568967315,0.06089590179904326,105.00047961630696,0.13158033921937023
57.01497069185995,0.03222027299000302,128.53843782117164,0.07263958055314704
90.6351252053649,0.06099034072093504,125.75906132237068,0.08462599882128635
62.86120769317712,0.09158458348821827,63.95765673175745,0.09318203654709954
58.80392955794404,0.024472864512828537,124.39777321000342,0.05177153758859148
62.3303365416623,0.06097968559857719,91.68276807125729,0.08969607228184298
83.84450931424921,0.02349812596421378,156.47643028434393,0.04385383013538786
92.69823723192205,0.03681347862385504,263.59996574169236,0.10468410181093478
72.25255157587952,0.10314624889958635,90.26413155190133,0.128859208106715
76.17412790528469,0.03369572794612075,134.7820829051045,0.05962103567800498
53.62608851284636,0.06720101606500141,105.00047961630696,0.13158033921937023
56.02571904442824,0.031661227571768494,128.53843782117164,0.07263958055314704
80.034483295285,0.05385693895764022,125.75906132237068,0.08462599882128635
53.750361637592974,0.07831068895379117,63.95765673175745,0.09318203654709954
57.48615582849361,0.023924436913145303,124.39777321000342,0.05177153758859148
53.93428491459761,0.052765570018668384,91.68276807125729,0.08969607228184298
81.37966639409943,0.022807333091867197,156.47643028434393,0.04385383013538786
103.88594988593913,0.04125648242777916,263.59996574169236,0.10468410181093478
281.17123461123634,0.4732339040870549,87.36019900497513,0.14703427288395277
676.4658566211446,0.29923558163852965,134.7820829051045,0.05962103567800498
203.75519517783508,0.2931025047817032,101.39109929078013,0.1458514230214377
440.6605579410831,0.2490258839125532,128.53843782117164,0.07263958055314705
805.5386867136164,0.5420644463748132,125.75906132237068,0.08462599882128635
2255.991271144805,3.2868286897911236,63.957656731757446,0.09318203654709953
242.77236520231202,0.1010363634831692,124.39777321000342,0.05177153758859148
380.6832585929864,0.3959863342267069,91.40973236009731,0.09508430962712738
613.5081431696834,0.17194079548178717,156.47643028434393,0.04385383013538786
398.17927003692637,0.1581299114598348,263.5999657416923,0.10468410181093477
68.7610779585555,0.1361460512078671,82.02217327459618,0.162402849611439
75.99236870541371,0.033615326519560645,134.7820829051045,0.05962103567800498
77.74836480591965,0.12474225453317284,99.30668847691749,0.15933119933463807
84.72408925647144,0.04787923683108428,128.53843782117164,0.07263958055314705
157.66125163369406,0.10609367432151894,125.75906132237068,0.08462599882128635
97.32249930304988,0.1844777799858687,60.635099099099094,0.11493568857283147
98.31595560163007,0.04091687543631024,124.39777321000342,0.05177153758859148
94.6708066548399,0.11178179727719928,89.80236051502145,0.10603341846132777
145.41852836125977,0.04075476050740932,156.47643028434393,0.04385383013538786
249.95573766017316,0.09926553600195047,263.5999657416923,0.10468410181093477
68.45397063508075,0.0977234732793596,90.26413155190133,0.128859208106715
65.74354139294024,0.02908174397146403,134.7820829051045,0.05962103567800498
48.594637568967315,0.06089590179904326,105.00047961630696,0.13158033921937023
57.01497069185995,0.03222027299000302,128.53843782117164,0.07263958055314704
90.6351252053649,0.06099034072093504,125.75906132237068,0.08462599882128635
62.86120769317712,0.09158458348821827,63.95765673175745,0.09318203654709954
58.80392955794404,0.024472864512828537,124.39777321000342,0.05177153758859148
62.3303365416623,0.06097968559857719,91.68276807125729,0.08969607228184298
83.84450931424921,0.02349812596421378,156.47643028434393,0.04385383013538786
92.69823723192205,0.03681347862385504,263.59996574169236,0.10468410181093478
72.25255157587952,0.10314624889958635,90.26413155190133,0.128859208106715
76.17412790528469,0.03369572794612075,134.7820829051045,0.05962103567800498
53.62608851284636,0.06720101606500141,105.00047961630696,0.13158033921937023
56.02571904442824,0.031661227571768494,128.53843782117164,0.07263958055314704
80.034483295285,0.05385693895764022,125.75906132237068,0.08462599882128635
53.750361637592974,0.07831068895379117,63.95765673175745,0.09318203654709954
57.48615582849361,0.023924436913145303,124.39777321000342,0.05177153758859148
53.93428491459761,0.052765570018668384,91.68276807125729,0.08969607228184298
81.37966639409943,0.022807333091867197,156.47643028434393,0.04385383013538786
103.88594988593913,0.04125648242777916,263.59996574169236,0.10468410181093478
281.17123461123634,0.4732339040870549,87.36019900497513,0.14703427288395277
676.4658566211446,0.29923558163852965,134.7820829051045,0.05962103567800498
203.75519517783508,0.2931025047817032,101.39109929078013,0.1458514230214377
440.6605579410831,0.2490258839125532,128.53843782117164,0.07263958055314705
805.5386867136164,0.5420644463748132,125.75906132237068,0.08462599882128635
2255.991271144805,3.2868286897911236,63.957656731757446,0.09318203654709953
242.77236520231202,0.1010363634831692,124.39777321000342,0.05177153758859148
380.6832585929864,0.3959863342267069,91.40973236009731,0.09508430962712738
613.5081431696834,0.17194079548178717,156.47643028434393,0.04385383013538786
398.17927003692637,0.1581299114598348,263.5999657416923,0.10468410181093477
68.7610779585555,0.1361460512078671,82.02217327459618,0.162402849611439
75.99236870541371,0.033615326519560645,134.7820829051045,0.05962103567800498
77.74836480591965,0.12474225453317284,99.30668847691749,0.15933119933463807
84.72408925647144,0.04787923683108428,128.53843782117164,0.07263958055314705
157.66125163369406,0.10609367432151894,125.75906132237068,0.08462599882128635
97.32249930304988,0.1844777799858687,60.635099099099094,0.11493568857283147
98.31595560163007,0.04091687543631024,124.39777321000342,0.05177153758859148
94.6708066548399,0.11178179727719928,89.80236051502145,0.10603341846132777
145.41852836125977,0.04075476050740932,156.47643028434393,0.04385383013538786
249.95573766017316,0.09926553600195047,263.5999657416923,0.10468410181093477
912.1162555281759,1.4168160520832995,88.84027923211168,0.13799812570463527
1774.0419917200359,0.7847498614269711,134.7820829051045,0.05962103567800498
841.4825605740273,1.0748363945685142,102.81469161469163,0.13132651539257545
1788.214317886871,1.0105548207389148,128.53843782117164,0.07263958055314704
1670.9728891768245,1.124433883832791,125.75906132237068,0.08462599882128635
1457.8680280629787,2.113255616325069,64.24063360881543,0.09312014335789083
2431.1832505225493,1.0118034414225405,124.39777321000342,0.05177153758859148
1036.1232561991633,1.2940257371927797,88.0700109051254,0.10999160582896399
3506.3895504979973,0.9826950388414074,156.47643028434393,0.04385383013538786
2446.358529483269,0.9715283712040709,263.59996574169236,0.10468410181093478
