227.82011000142197,0.32715792676125116,89.67547953216375,0.12877723553412643
312.1019484306911,0.13971470104691597,135.17309941520466,0.06051121843148101
300.3802114394471,0.3862880688023382,104.48805701754387,0.13437133413281516
280.8319310158524,0.15956719652283832,128.94515643274852,0.0732659460864907
424.34890834046354,0.287290880143847,124.50275146198831,0.0842903194631232
368.1123108489868,0.5532422779904608,63.639204678362574,0.09564444743659245
308.87969163858475,0.1294233623817837,124.50635964912279,0.05216928189166895
256.7139375587429,0.252554181875289,91.46176608187133,0.08997973279261631
331.55494956165916,0.09380663636596488,155.1511842105263,0.043896828378606464
551.052459215788,0.21988434180552324,263.78006578947367,0.10525514436516333
185.64167615651073,0.2665881685838382,89.67547953216375,0.12877723553412643
281.8972794038755,0.12619336186745314,135.17309941520466,0.06051121843148101
255.5628595897177,0.3286530860852531,104.48805701754387,0.13437133413281516
264.71018701004704,0.15040690807287566,128.94515643274852,0.0732659460864907
387.3040115459692,0.26221090280503545,124.50275146198831,0.0842903194631232
349.2220935995023,0.524851847910205,63.639204678362574,0.09564444743659245
261.8698213413096,0.10972580490648069,124.50635964912279,0.05216928189166895
325.1019270236032,0.3198340222051171,91.46176608187133,0.08997973279261631
331.59137314056363,0.09381694166656726,155.1511842105263,0.043896828378606464
498.64363710646046,0.1989718512402655,263.78006578947367,0.10525514436516333
221.07282219027132,0.3174685771619391,89.67547953216375,0.12877723553412643
257.38613718380265,0.36935136422215215,185.24587284861255,0.26582945220665954
366.5903103929561,0.16293416483471823,311.28802247980326,0.13835459511035755
333.5084579702521,0.4168384457066296,331.7808570425009,0.41467918866736925
323.40205314092253,0.1837432824996042,303.0679311556024,0.17219029981429637
467.34910458536217,0.30998699069403574,461.23094485423246,0.30592888957641196
385.2875545925078,0.5750978086234791,328.4857744994731,0.49031287625792114
362.0781056314164,0.15015586303620226,306.35855286266246,0.12704864554954098
259.329948117434,0.25201599600299107,247.52746750965932,0.24054638392283362
366.0324974414216,0.10251976230712863,339.7979978925184,0.09517190473491825
628.386229750981,0.2472086115869732,586.473726729891,0.23072013493132718
230.1459825070628,0.33026150335566934,185.24587284861255,0.26582945220665954
358.6816078215513,0.15941907506866101,311.28802247980326,0.13835459511035755
309.213252798826,0.3864728723013391,331.7808570425009,0.41467918866736925
341.77127282963664,0.19417989132685223,303.0679311556024,0.17219029981429637
425.3398288966984,0.28212274783105096,461.23094485423246,0.30592888957641196
394.7997657035081,0.5892961695616774,328.4857744994731,0.49031287625792114
334.79296017195577,0.13884055702677384,306.35855286266246,0.12704864554954098
313.0874949148089,0.3042574042829284,247.52746750965932,0.24054638392283362
401.837064834553,0.11254804057288792,339.7979978925184,0.09517190473491825
637.8745577862107,0.2509413420142463,586.473726729891,0.23072013493132718
219.64096565279243,0.31518671203724385,185.24587284861255,0.26582945220665954
324.2610288634399,0.14412055755013817,311.28802247980326,0.13835459511035755
317.8156143447412,0.397224608668174,331.7808570425009,0.41467918866736925
331.5311882881939,0.18836191111168565,303.0679311556024,0.17219029981429637
433.4996503564426,0.28753505840164867,461.23094485423246,0.30592888957641196
693.9563395233166,1.0358309407692223,328.4857744994731,0.49031287625792114
537.2492604007376,0.22280034364506612,306.35855286266246,0.12704864554954098
361.2821922262049,0.35109285361365544,247.52746750965932,0.24054638392283362
469.9469730561559,0.13162452053149198,339.7979978925184,0.09517190473491825
611.7602242190752,0.24066790214875314,586.473726729891,0.23072013493132718
257.38613718380265,0.36935136422215215,185.24587284861255,0.26582945220665954
366.5903103929561,0.16293416483471823,311.28802247980326,0.13835459511035755
333.5084579702521,0.4168384457066296,331.7808570425009,0.41467918866736925
323.40205314092253,0.1837432824996042,303.0679311556024,0.17219029981429637
467.34910458536217,0.30998699069403574,461.23094485423246,0.30592888957641196
385.2875545925078,0.5750978086234791,328.4857744994731,0.49031287625792114
362.0781056314164,0.15015586303620226,306.35855286266246,0.12704864554954098
259.329948117434,0.25201599600299107,247.52746750965932,0.24054638392283362
366.0324974414216,0.10251976230712863,339.7979978925184,0.09517190473491825
628.386229750981,0.2472086115869732,586.473726729891,0.23072013493132718
230.1459825070628,0.33026150335566934,185.24587284861255,0.26582945220665954
358.6816078215513,0.15941907506866101,311.28802247980326,0.13835459511035755
309.213252798826,0.3864728723013391,331.7808570425009,0.41467918866736925
341.77127282963664,0.19417989132685223,303.0679311556024,0.17219029981429637
425.3398288966984,0.28212274783105096,461.23094485423246,0.30592888957641196
394.7997657035081,0.5892961695616774,328.4857744994731,0.49031287625792114
334.79296017195577,0.13884055702677384,306.35855286266246,0.12704864554954098
313.0874949148089,0.3042574042829284,247.52746750965932,0.24054638392283362
401.837064834553,0.11254804057288792,339.7979978925184,0.09517190473491825
637.8745577862107,0.2509413420142463,586.473726729891,0.23072013493132718
219.64096565279243,0.31518671203724385,185.24587284861255,0.26582945220665954
324.2610288634399,0.14412055755013817,311.28802247980326,0.13835459511035755
317.8156143447412,0.397224608668174,331.7808570425009,0.41467918866736925
331.5311882881939,0.18836191111168565,303.0679311556024,0.17219029981429637
433.4996503564426,0.28753505840164867,461.23094485423246,0.30592888957641196
693.9563395233166,1.0358309407692223,328.4857744994731,0.49031287625792114
537.2492604007376,0.22280034364506612,306.35855286266246,0.12704864554954098
361.2821922262049,0.35109285361365544,247.52746750965932,0.24054638392283362
469.9469730561559,0.13162452053149198,339.7979978925184,0.09517190473491825
611.7602242190752,0.24066790214875314,586.473726729891,0.23072013493132718
860.1680608351685,1.234348711263016,185.24587284861255,0.26582945220665954
782.1971012607959,0.3476541190994724,311.28802247980326,0.13835459511035755
634.5570797164688,0.793106682903808,331.7808570425009,0.41467918866736925
412.3697859259052,0.23429096177279998,303.0679311556024,0.17219029981429637
513.857137406636,0.34083520457936445,461.23094485423246,0.30592888957641196
622.5757173079702,0.9292849625124298,328.4857744994731,0.4903128762579212
842.9504513405806,0.3495763774423003,306.35855286266246,0.12704864554954098
554.0093187136572,0.5383844452370622,247.52746750965932,0.24054638392283362
886.2443907218099,0.24822267125985575,339.7979978925184,0.09517190473491825
700.9168965708599,0.2757423454485905,586.473726729891,0.23072013493132718
837.953569129965,1.4602799897605592,84.46836095764273,0.14720082570014903
2050.2384670707625,0.9112458318554794,136.07808219178082,0.06048105486056506
942.2498238165648,1.2984480481339047,98.50140428677014,0.1357378403283251
1984.6448198875605,1.1275907195402783,128.8241306638567,0.07319238824689987
1703.758225588956,1.1300821592225052,127.01844046364596,0.08424979043644108
865.0313317256158,1.494986161052978,59.60516795865633,0.10301233950413087
2148.978354168318,0.8911936247941507,125.07846856340007,0.05187075689548194
1338.0384437862883,1.4520393501988698,89.16412490922293,0.09676091041739744
3701.7508388017673,1.0368003353989226,155.5980330172111,0.043580483896608416
3269.7309294627294,1.2863197903871681,264.89062170706006,0.1042085897403614
257.38613718380265,0.36935136422215215,185.24587284861255,0.26582945220665954
366.5903103929561,0.16293416483471823,311.28802247980326,0.13835459511035755
333.5084579702521,0.4168384457066296,331.7808570425009,0.41467918866736925
323.40205314092253,0.1837432824996042,303.0679311556024,0.17219029981429637
467.34910458536217,0.30998699069403574,461.23094485423246,0.30592888957641196
385.2875545925078,0.5750978086234791,328.4857744994731,0.49031287625792114
362.0781056314164,0.15015586303620226,306.35855286266246,0.12704864554954098
259.329948117434,0.25201599600299107,247.52746750965932,0.24054638392283362
366.0324974414216,0.10251976230712863,339.7979978925184,0.09517190473491825
628.386229750981,0.2472086115869732,586.473726729891,0.23072013493132718
230.1459825070628,0.33026150335566934,185.24587284861255,0.26582945220665954
358.6816078215513,0.15941907506866101,311.28802247980326,0.13835459511035755
309.213252798826,0.3864728723013391,331.7808570425009,0.41467918866736925
341.77127282963664,0.19417989132685223,303.0679311556024,0.17219029981429637
425.3398288966984,0.28212274783105096,461.23094485423246,0.30592888957641196
394.7997657035081,0.5892961695616774,328.4857744994731,0.49031287625792114
334.79296017195577,0.13884055702677384,306.35855286266246,0.12704864554954098
313.0874949148089,0.3042574042829284,247.52746750965932,0.24054638392283362
401.837064834553,0.11254804057288792,339.7979978925184,0.09517190473491825
637.8745577862107,0.2509413420142463,586.473726729891,0.23072013493132718
219.64096565279243,0.31518671203724385,185.24587284861255,0.26582945220665954
324.2610288634399,0.14412055755013817,311.28802247980326,0.13835459511035755
317.8156143447412,0.397224608668174,331.7808570425009,0.41467918866736925
331.5311882881939,0.18836191111168565,303.0679311556024,0.17219029981429637
433.4996503564426,0.28753505840164867,461.23094485423246,0.30592888957641196
693.9563395233166,1.0358309407692223,328.4857744994731,0.49031287625792114
537.2492604007376,0.22280034364506612,306.35855286266246,0.12704864554954098
361.2821922262049,0.35109285361365544,247.52746750965932,0.24054638392283362
469.9469730561559,0.13162452053149198,339.7979978925184,0.09517190473491825
611.7602242190752,0.24066790214875314,586.473726729891,0.23072013493132718
860.1680608351685,1.234348711263016,185.24587284861255,0.26582945220665954
782.1971012607959,0.3476541190994724,311.28802247980326,0.13835459511035755
634.5570797164688,0.793106682903808,331.7808570425009,0.41467918866736925
412.3697859259052,0.23429096177279998,303.0679311556024,0.17219029981429637
513.857137406636,0.34083520457936445,461.23094485423246,0.30592888957641196
622.5757173079702,0.9292849625124298,328.4857744994731,0.4903128762579212
842.9504513405806,0.3495763774423003,306.35855286266246,0.12704864554954098
554.0093187136572,0.5383844452370622,247.52746750965932,0.24054638392283362
886.2443907218099,0.24822267125985575,339.7979978925184,0.09517190473491825
700.9168965708599,0.2757423454485905,586.473726729891,0.23072013493132718
837.953569129965,1.4602799897605592,84.46836095764273,0.14720082570014903
2050.2384670707625,0.9112458318554794,136.07808219178082,0.06048105486056506
942.2498238165648,1.2984480481339047,98.50140428677014,0.1357378403283251
1984.6448198875605,1.1275907195402783,128.8241306638567,0.07319238824689987
1703.758225588956,1.1300821592225052,127.01844046364596,0.08424979043644108
865.0313317256158,1.494986161052978,59.60516795865633,0.10301233950413087
2148.978354168318,0.8911936247941507,125.07846856340007,0.05187075689548194
1338.0384437862883,1.4520393501988698,89.16412490922293,0.09676091041739744
3701.7508388017673,1.0368003353989226,155.5980330172111,0.043580483896608416
3269.7309294627294,1.2863197903871681,264.89062170706006,0.1042085897403614
