273.21369462451645,0.3920640479626034,185.24587284861255,0.26582945220665954
370.8869557633583,0.16484384521952442,311.28802247980326,0.13835459511035755
313.89839807685564,0.3923286418595967,331.7808570425009,0.41467918866736925
343.2662538838126,0.19502927593496205,303.0679311556024,0.17219029981429637
427.5576290719794,0.2835937877785994,461.23094485423246,0.30592888957641196
476.3854617133898,0.7110747072565379,328.4857744994731,0.4903128762579212
302.07883131123026,0.12527382052390382,306.3585528626625,0.127048645549541
277.5597897131987,0.2697316964844988,247.52746750965932,0.24054638392283362
336.0289943683009,0.09411626801375704,339.7979978925184,0.09517190473491825
586.3333128013651,0.2306648957636387,586.473726729891,0.23072013493132723
252.32244845018874,0.3620849264791549,185.24587284861255,0.26582945220665954
397.006327256262,0.1764528208513195,311.28802247980326,0.13835459511035755
340.32935058650816,0.42536359764369264,331.7808570425009,0.41467918866736925
348.857624304841,0.1982060546376726,303.0679311556024,0.17219029981429637
593.3234603608914,0.39354425242479724,461.23094485423246,0.30592888957641196
453.1215549926795,0.6763499371059639,328.4857744994731,0.4903128762579212
330.22033479969923,0.13694426310998187,306.3585528626625,0.127048645549541
452.4979801211476,0.43973605816607303,247.52746750965932,0.24054638392283362
378.9606144914805,0.1061407180865069,339.7979978925184,0.09517190473491825
632.719109538232,0.2489131766230404,586.473726729891,0.23072013493132723
273.21369462451645,0.3920640479626034,185.24587284861255,0.26582945220665954
370.8869557633583,0.16484384521952442,311.28802247980326,0.13835459511035755
313.89839807685564,0.3923286418595967,331.7808570425009,0.41467918866736925
343.2662538838126,0.19502927593496205,303.0679311556024,0.17219029981429637
427.5576290719794,0.2835937877785994,461.23094485423246,0.30592888957641196
476.3854617133898,0.7110747072565379,328.4857744994731,0.4903128762579212
302.07883131123026,0.12527382052390382,306.3585528626625,0.127048645549541
277.5597897131987,0.2697316964844988,247.52746750965932,0.24054638392283362
336.0289943683009,0.09411626801375704,339.7979978925184,0.09517190473491825
586.3333128013651,0.2306648957636387,586.473726729891,0.23072013493132723
252.32244845018874,0.3620849264791549,185.24587284861255,0.26582945220665954
397.006327256262,0.1764528208513195,311.28802247980326,0.13835459511035755
340.32935058650816,0.42536359764369264,331.7808570425009,0.41467918866736925
348.857624304841,0.1982060546376726,303.0679311556024,0.17219029981429637
593.3234603608914,0.39354425242479724,461.23094485423246,0.30592888957641196
453.1215549926795,0.6763499371059639,328.4857744994731,0.4903128762579212
330.22033479969923,0.13694426310998187,306.3585528626625,0.127048645549541
452.4979801211476,0.43973605816607303,247.52746750965932,0.24054638392283362
378.9606144914805,0.1061407180865069,339.7979978925184,0.09517190473491825
632.719109538232,0.2489131766230404,586.473726729891,0.23072013493132723
1252.9109870678215,1.797938254895046,185.24587284861255,0.26582945220665954
472.3608249065821,0.20994476483651042,311.28802247980326,0.13835459511035755
299.7645417561223,0.3882199913233051,324.16883209087683,0.4198255752476297
644.9367618253603,0.36642561935381257,303.0679311556024,0.17219029981429637
452.8877356947637,0.30039494016964197,461.23094485423246,0.30592888957641196
476.84929668316397,0.7117670485260663,328.4857744994731,0.4903128762579212
1671.33802566747,0.6925903539011802,306.5283052039381,0.12702310611112932
568.3757771910962,0.5540222376295018,246.92686357243318,0.24069106914322105
2902.0031748909646,0.809509320748893,340.41073205401557,0.09495704996636788
676.4065688075237,0.2660999252155483,586.473726729891,0.23072013493132718
313.36069898890287,0.4689423406275188,182.7499643874644,0.2734841871554804
427.87956346953854,0.19017469187612399,311.28802247980326,0.13835459511035755
377.33385251849097,0.4885755345194791,320.95875222816403,0.41558050750534187
394.12571072214735,0.2239254547157147,303.0679311556024,0.17219029981429637
463.96217652900907,0.30774048240807766,461.23094485423246,0.30592888957641196
355.04476070393434,0.5299560326053956,328.4857744994731,0.4903128762579212
483.8942714209803,0.20067372429709035,306.35855286266246,0.12704864554954098
388.97341938655774,0.3881682001985143,244.788936019795,0.24428219510003052
659.1720262265976,0.18462338705069237,339.7979978925184,0.09517190473491825
757.0323403476918,0.2978182921957922,586.473726729891,0.23072013493132718
1347.9890204026176,1.9343760665969583,185.24587284861255,0.26582945220665954
2249.526009732144,0.9998208661783706,311.28802247980326,0.13835459511035755
947.9319912927189,1.190549061613284,331.2495780590717,0.4160307679670282
1848.5577089310798,1.0502718150058792,303.0679311556024,0.17219029981429637
1406.4594792889154,0.9328875079469379,461.23094485423246,0.30592888957641196
1342.7274091105953,2.004216283017207,328.4857744994731,0.4903128762579212
2486.583323334576,1.031200338047545,306.3585528626625,0.127048645549541
1275.1400354810708,1.2602308598464405,245.19227513227514,0.24232544122189403
3554.662708569465,0.9956033371678329,339.7979978925184,0.09517190473491825
2739.6227021847903,1.0777739746901203,586.473726729891,0.23072013493132723
