MAE_MODEL,WAPE_MODEL,MAE_ESIOS,WAPE_ESIOS
55.046428254139,0.07858314296031182,90.26413155190133,0.128859208106715
66.09189355124263,0.02923583801728227,134.7820829051045,0.05962103567800498
58.641409156011285,0.07348591680005542,105.00047961630696,0.13158033921937023
69.64838030257428,0.03935965939171976,128.53843782117164,0.07263958055314705
95.8963793196389,0.06453075267846162,125.75906132237068,0.08462599882128635
68.88808084028395,0.1003653353568149,63.957656731757446,0.09318203654709953
72.54858061139326,0.030193077184597635,124.39777321000342,0.05177153758859148
63.8187534440744,0.06243584963979059,91.68276807125729,0.08969607228184298
94.01270645585278,0.026347848375574506,156.47643028434393,0.04385383013538786
113.17856314803852,0.044946880755723236,263.5999657416923,0.10468410181093477
