MAE_MODEL,WAPE_MODEL,MAE_ESIOS,WAPE_ESIOS
61.62394441227478,0.08797306904583727,90.26413155190133,0.128859208106715
84.00204102625653,0.03715841584506337,134.7820829051045,0.05962103567800498
84.7390560105872,0.1061899314721858,105.00047961630696,0.13158033921937023
86.50206141398783,0.048884003607049344,128.53843782117164,0.07263958055314705
110.76723620154827,0.07453767467459549,125.75906132237068,0.08462599882128635
81.02673418951125,0.1180505430054346,63.957656731757446,0.09318203654709953
85.82384533709448,0.0357179418908565,124.39777321000342,0.05177153758859148
76.64569365756527,0.07498483982352881,91.68276807125729,0.08969607228184298
133.22212465567517,0.03733661621950989,156.47643028434393,0.04385383013538786
148.42864588141674,0.05894583268776133,263.5999657416923,0.10468410181093477
