MAE_MODEL,WAPE_MODEL,MAE_ESIOS,WAPE_ESIOS
59.275315958206356,0.0846202156197326,90.26413155190133,0.128859208106715
77.88654359247066,0.03445321732883917,134.7820829051045,0.05962103567800498
60.6969908473834,0.07606184918848104,105.00047961630696,0.13158033921937023
73.97138122174381,0.04180267160520429,128.53843782117164,0.07263958055314705
88.50571622952448,0.05955741525548826,125.75906132237068,0.08462599882128635
76.16838575916447,0.11097225364762063,63.957656731757446,0.09318203654709953
73.77877791934979,0.03070505745986139,124.39777321000342,0.05177153758859148
77.98532982565189,0.0762954470956683,91.68276807125729,0.08969607228184298
95.09886919549575,0.026652254580375668,156.47643028434393,0.04385383013538786
115.60307200896735,0.045909731914390295,263.5999657416923,0.10468410181093477
