MAE_MODEL,WAPE_MODEL,MAE_ESIOS,WAPE_ESIOS
72.5220600902095,0.10353099368289607,90.26413155190133,0.128859208106715
72.24988714200497,0.0319598347657096,134.7820829051045,0.05962103567800498
45.90134400690856,0.057520826925023354,105.00047961630696,0.13158033921937023
52.093444158705026,0.02943902226757768,128.53843782117164,0.07263958055314704
74.17681595578958,0.04991518761061861,125.75906132237068,0.08462599882128635
62.44152679839551,0.09097313643912333,63.95765673175745,0.09318203654709954
58.01460297412356,0.024144364654274397,124.39777321000342,0.05177153758859148
53.821326878839415,0.05265505969755431,91.68276807125729,0.08969607228184298
86.06850906560257,0.024121420521354207,156.47643028434393,0.04385383013538786
95.94320161524763,0.03810215929921518,263.59996574169236,0.10468410181093478
