MAE_MODEL,WAPE_MODEL,MAE_ESIOS,WAPE_ESIOS
58.1037447149315,0.0829477047335874,90.26413155190133,0.128859208106715
72.36261558042648,0.03200970034208436,134.7820829051045,0.05962103567800498
47.05579459336408,0.058967515552855364,105.00047961630696,0.13158033921937023
57.82828316160897,0.03267989174422661,128.53843782117164,0.07263958055314704
86.10598453556729,0.05794258377242199,125.75906132237068,0.08462599882128635
59.56610874807684,0.08678384428014493,63.95765673175745,0.09318203654709954
73.25962973735479,0.030488999736924254,124.39777321000342,0.05177153758859148
61.07763690170909,0.059754131006188003,91.68276807125729,0.08969607228184298
89.24983670116083,0.025013014236019527,156.47643028434393,0.04385383013538786
92.52697853684303,0.03674546623765759,263.59996574169236,0.10468410181093478
