346.46411519853115,0.5058912217210955,222.00864864864866,0.324166981718026
482.17573624557525,0.21510082094203337,383.7637117117117,0.17119876267458808
398.82551234084104,0.4989167530113636,411.5861261261261,0.5148798341061999
422.25294548600914,0.2406601571407317,402.3152432432433,0.22929680110955836
551.7291631617162,0.36415397536024746,569.0367927927928,0.3755774101812413
451.641640004122,0.6816138568341232,336.53956756756753,0.5079027536631124
444.8172769006781,0.18329115256427267,312.4600720720721,0.1287521184866066
306.13521990948595,0.2981581202763753,308.3087207207207,0.3002749852241214
435.51905758791503,0.12223724483219614,412.01513513513515,0.11564039293026199
775.7940565370741,0.2989325061176763,732.6964684684685,0.2823259468118693
300.41293563001864,0.4386493733690295,222.00864864864866,0.324166981718026
405.55686489345794,0.18092078887360363,383.7637117117117,0.17119876267458808
386.6939428824347,0.48374058434653844,411.5861261261261,0.5148798341061999
420.8809362207017,0.23987818991251644,402.3152432432433,0.22929680110955836
547.4702934226474,0.3613430230858816,569.0367927927928,0.3755774101812413
320.3628245791444,0.48348894589451785,336.53956756756753,0.5079027536631124
352.8092191926424,0.14537836495851708,312.4600720720721,0.1287521184866066
509.3125576507293,0.49604117705631245,308.3087207207207,0.3002749852241214
513.4325975715362,0.14410525794617676,412.01513513513515,0.11564039293026199
852.7798018539704,0.3285970048193587,732.6964684684685,0.2823259468118693
315.1985982774722,0.4602387288391915,222.00864864864866,0.324166981718026
376.43905520189986,0.16793119960588876,383.7637117117117,0.17119876267458808
364.01155758009025,0.4553657144462221,411.5861261261261,0.5148798341061999
391.51552630175337,0.2231415768441056,402.3152432432433,0.22929680110955836
596.0621752666352,0.39341478605436747,569.0367927927928,0.3755774101812413
450.86362640698746,0.6804396850978603,336.53956756756753,0.5079027536631124
546.5074281457522,0.22519353809213216,312.4600720720721,0.1287521184866066
379.7932456461588,0.36989680654517054,308.3087207207207,0.3002749852241214
644.2347829103899,0.18081754062424116,412.01513513513515,0.11564039293026199
1061.9943000845008,0.40921249000542737,732.6964684684685,0.2823259468118693
1197.3610845475591,1.748332468879099,222.00864864864866,0.324166981718026
1118.1179599638153,0.49879758150201886,383.7637117117117,0.17119876267458808
803.7549681678158,1.0054693256241178,411.5861261261261,0.5148798341062
508.57136975006256,0.2898567483536537,402.31524324324323,0.22929680110955833
568.3818214082683,0.37514511395811795,569.0367927927928,0.3755774101812413
539.7442558339841,0.9107151931370833,290.63098434004473,0.49038419617063245
836.86920425522,0.3448398453905718,312.4600720720721,0.1287521184866066
781.2014745118197,0.7608453652162076,308.3087207207207,0.3002749852241214
1027.4345771246194,0.288370324478152,412.01513513513515,0.11564039293026199
1006.2109042707057,0.3877177773689235,732.6964684684685,0.2823259468118693
805.0352104613671,1.4699344318524226,83.25725714285716,0.1520215605299289
2006.5662848924883,0.895138479002926,137.10900900900901,0.06116496160927908
1008.4450507383403,1.3114632603178225,102.50834256183094,0.13331011446532143
1948.2523828004867,1.1103930229661487,130.97336936936938,0.07464736952256006
1516.3026040880713,1.032908096714642,127.63200442967886,0.08694315397197401
878.277996004773,1.4965455036077204,59.68389513108614,0.1016986253811786
2151.804295299136,0.886671246508703,125.54969369369367,0.05173393493514602
1290.8069490947928,1.4353496117061408,88.50838951310861,0.09841942872206126
3681.28151115357,1.0332262194617736,156.72227027027031,0.043987279518342325
3221.8881584594565,1.2414726479579878,268.25297297297294,0.10336445968956189
