409.1295722547844,0.5973924861788387,222.00864864864866,0.324166981718026
449.4769542632232,0.20051374341097677,383.7637117117117,0.17119876267458808
390.90848743894077,0.48901283203503815,411.5861261261261,0.5148798341061999
384.52779595353576,0.21915896807455984,402.31524324324323,0.22929680110955833
630.0359247697662,0.41583824445660555,569.0367927927928,0.3755774101812413
649.9011564384924,0.9808254920803022,336.53956756756753,0.5079027536631124
440.7597814996393,0.18161922333130204,312.4600720720721,0.1287521184866066
551.0890795857198,0.5367291098446547,308.3087207207207,0.3002749852241214
423.91650514069977,0.11898075348133866,412.01513513513515,0.11564039293026199
810.7612499408895,0.312406224649064,732.6964684684685,0.2823259468118693
410.83933182500505,0.599888999727818,222.00864864864866,0.324166981718026
404.93847918879874,0.18064492415721053,383.7637117117117,0.17119876267458808
397.43835568664315,0.49718146860147594,411.5861261261261,0.5148798341061999
475.86412569037424,0.27121547994051093,402.31524324324323,0.22929680110955833
622.8662719900813,0.4111061082274578,569.0367927927928,0.3755774101812413
440.76229080556755,0.6651948323017434,336.53956756756753,0.5079027536631124
315.3472415772859,0.12994180390068555,312.4600720720721,0.1287521184866066
615.2557019579089,0.5992237144074114,308.3087207207207,0.3002749852241214
530.428364597355,0.14887546420661485,412.01513513513515,0.11564039293026199
876.1905526699032,0.3376177421561996,732.6964684684685,0.2823259468118693
518.532662213608,0.757137927081478,222.00864864864866,0.324166981718026
886.5510204040685,0.3954945011973577,383.7637117117117,0.17119876267458808
402.74571863390406,0.5188864837085383,394.21179487179484,0.5078916115391267
508.7160046820343,0.2899391820366593,402.31524324324323,0.22929680110955833
533.2845806180347,0.3519801253889108,569.0367927927928,0.3755774101812413
1357.814714861697,2.0492028251747554,336.53956756756753,0.5079027536631124
479.4695913767238,0.19756996543680472,312.4600720720721,0.1287521184866066
416.07520929150235,0.4052333551580021,308.3087207207207,0.3002749852241214
550.3092647549004,0.1544554415180595,412.01513513513515,0.11564039293026199
751.7761212421118,0.28967780568655466,732.6964684684685,0.2823259468118693
558.5822664542085,0.8277456615945161,221.5064130434783,0.3282434538711459
577.3087850277547,0.2575401129957987,383.7637117117117,0.17119876267458808
546.2278709045263,0.6833119430010182,411.5861261261261,0.5148798341062
468.41835122898107,0.26697181208438536,402.31524324324323,0.22929680110955833
508.5760386408667,0.33567191769008387,569.0367927927928,0.3755774101812413
481.45162373265435,0.729788681351047,336.57871572871574,0.5101890304536291
558.5531862264496,0.23015710627344277,312.4600720720721,0.1287521184866066
516.0129043077593,0.5223579778238376,297.47196467991165,0.3011297830583074
814.6571042778199,0.22865001697381301,412.01513513513515,0.11564039293026199
842.4151406310141,0.32460324625891146,732.6964684684685,0.2823259468118693
815.5893439707505,1.6896413541430269,174.5065632458234,0.3615220184143224
1917.5513162596972,0.8554284907357209,383.7637117117117,0.17119876267458808
1218.9298771319432,1.5248386014169573,411.5861261261261,0.5148798341061999
1807.3152816451898,1.0300668931579748,402.31524324324323,0.22929680110955833
1479.1535519790427,0.9762754664529474,569.0367927927928,0.3755774101812413
1142.9428777780372,1.724920011928638,336.53956756756753,0.5079027536631124
2460.0850310324354,1.0137012300552624,312.4600720720721,0.1287521184866066
1364.5958302739346,1.3290379584934808,308.3087207207207,0.3002749852241214
3610.4645777080295,1.013350012712542,412.01513513513515,0.11564039293026199
2736.6806793105484,1.0545102879001393,732.6964684684685,0.2823259468118693
